in_A = A
in_b = b
in_c = c
in_d = d 

#1
A=[-2     1     1     2    -1
     2    -1     1    -1     2
    -2     1    -2     2     2
    -2     1    -2    -1    -1
     2    -2    -2     1     2]

c = [1     0     1     2     2]

b =[1
     4
     2
     4
     3]

d = [-2    -3    -1    -3    -2]


#2
c = [ 0    -2    -2     0    -2 ]

A = [    -1    -1    -1     0    -2
        -2     0     2     2     1
         0    -2    -1     2     1
        -1    -1    -2    -1     2
         0    -1    -1     0     0]

b = [5
     2
     5
     2
     2]

d = [   -5    -5    -1    -4    -4 ]